(0.0, 25.0, 75.0, 45.0, 2.0)
(75.0, 25.0, 150.0, 45.0, 2.0)
(150.0, 25.0, 225.0, 45.0, 2.0)
(225.0, 25.0, 300.0, 45.0, 2.0)
(300.0, 25.0, 375.0, 45.0, 2.0)
(375.0, 25.0, 450.0, 45.0, 2.0)
(450.0, 25.0, 525.0, 45.0, 2.0)
(525.0, 25.0, 600.0, 45.0, 2.0)
(600.0, 25.0, 675.0, 45.0, 2.0)
(675.0, 25.0, 750.0, 45.0, 2.0)
(750.0, 25.0, 825.0, 45.0, 2.0)
(825.0, 25.0, 900.0, 45.0, 2.0)
(900.0, 25.0, 975.0, 45.0, 2.0)
(975.0, 25.0, 1050.0, 45.0, 2.0)
(1050.0, 25.0, 1125.0, 45.0, 2.0)
(1125.0, 25.0, 1200.0, 45.0, 2.0)
(1200.0, 25.0, 1275.0, 45.0, 2.0)
(0.0, 45.0, 75.0, 65.0, 2.0)
(75.0, 45.0, 150.0, 65.0, 2.0)
(150.0, 45.0, 225.0, 65.0, 2.0)
(225.0, 45.0, 300.0, 65.0, 2.0)
(300.0, 45.0, 375.0, 65.0, 2.0)
(375.0, 45.0, 450.0, 65.0, 2.0)
(450.0, 45.0, 525.0, 65.0, 2.0)
(525.0, 45.0, 600.0, 65.0, 2.0)
(600.0, 45.0, 675.0, 65.0, 2.0)
(675.0, 45.0, 750.0, 65.0, 2.0)
(750.0, 45.0, 825.0, 65.0, 2.0)
(825.0, 45.0, 900.0, 65.0, 2.0)
(900.0, 45.0, 975.0, 65.0, 2.0)
(975.0, 45.0, 1050.0, 65.0, 2.0)
(1050.0, 45.0, 1125.0, 65.0, 2.0)
(1125.0, 45.0, 1200.0, 65.0, 2.0)
(1200.0, 45.0, 1275.0, 65.0, 2.0)
(0.0, 65.0, 75.0, 85.0, 1.0)
(75.0, 65.0, 150.0, 85.0, 1.0)
(150.0, 65.0, 225.0, 85.0, 1.0)
(225.0, 65.0, 300.0, 85.0, 1.0)
(300.0, 65.0, 375.0, 85.0, 1.0)
(375.0, 65.0, 450.0, 85.0, 1.0)
(450.0, 65.0, 525.0, 85.0, 1.0)
(525.0, 65.0, 600.0, 85.0, 1.0)
(675.0, 65.0, 750.0, 85.0, 1.0)
(750.0, 65.0, 825.0, 85.0, 1.0)
(825.0, 65.0, 900.0, 85.0, 1.0)
(900.0, 65.0, 975.0, 85.0, 1.0)
(975.0, 65.0, 1050.0, 85.0, 1.0)
(1050.0, 65.0, 1125.0, 85.0, 1.0)
(1125.0, 65.0, 1200.0, 85.0, 1.0)
(1200.0, 65.0, 1275.0, 85.0, 1.0)
(0.0, 85.0, 75.0, 105.0, 1.0)
(150.0, 85.0, 225.0, 105.0, 1.0)
(225.0, 85.0, 300.0, 105.0, 1.0)
(375.0, 85.0, 450.0, 105.0, 1.0)
(450.0, 85.0, 525.0, 105.0, 1.0)
(525.0, 85.0, 600.0, 105.0, 1.0)
(675.0, 85.0, 750.0, 105.0, 1.0)
(750.0, 85.0, 825.0, 105.0, 1.0)
(825.0, 85.0, 900.0, 105.0, 1.0)
(900.0, 85.0, 975.0, 105.0, 1.0)
(975.0, 85.0, 1050.0, 105.0, 1.0)
(1050.0, 85.0, 1125.0, 105.0, 1.0)
(1125.0, 85.0, 1200.0, 105.0, 1.0)
(1200.0, 85.0, 1275.0, 105.0, 1.0)
3
1
9.966666666666741
40
0
8
10
64
